0
1
2
3
4
5
0
1
2
2
4
5
6
0
1
2
0
1
2
0
1
2
3
4
5
6
7
8
9
10
11
12
14
15
16
17
18
19
20
21
22
23
24
25
26
27
28
29
30
31
33
34
36
36
37
38
39
4446
5027
0
1
26
3
2
5
6
7
8
9
10
11
12
0
1
2
3
4
5
6
0x0
1
2
3
4
0
1
1
2
3
4
5
6
7
8
9
10
11
12
13
14
15
16
17
18
19
20
21
22
23
24
25
26
27
28
29
30
31
32
33
34
35
36
37
38
39
0
1
2
3
4
5
6
7
8
9
10
11
12
13
14
15
16
17
18
19
0
1
2
3
4
5
6
7
8
9
10
11
12
13
14
15
16
0x1
0x2
0x4
0x8
35
0x20
17
42
0x1
0x2
0x4
0x8
0x10
0
1
2
3
0
1
0
1
2
0
1
2
3
4
5
6
7
0
1
2
3
4
5
6
7
8
9
10
11
13
14
15
16
18
19
20
0x1
22
23
24
25
28
29
30
31
32
33
34
36
37
38
39
40
41
42
43
44
45
46
47
4999
5248
5250
5252
5256
5300
5634
5635
0
1
32
33
5
6
7
8
9
10
11
12
13
14
15
16
17
18
19
20
22
23
24
25
26
27
28
29
30
31
32
33
34
37
38
39
40
41
42
43
4416
4417
4418
4419
4420
4416
4417
4418
4419
4420
4424
4425
4426
4438
4440
4992
4993
4994
4995
4996
4997
4998
5014
5253
5257
5258
5261
5262
5264
0x1
0x2
0x1
0x2
0x4
0x8
0x1
0x2
0x4
0x8
0x2
0x4
0x8
0x10
0x40
0x80
0x100
0x200
0x400
0x800
0x2
0x4
0
1
3
4
0
1
2
3
6
7
8
0
1
2
0x1
0
1
3
4
5
7
8
9
10
11
12
13
14
15
17
18
19
20
21
22
23
24
25
27
28
29
30
31
34
35
36
37
38
39
40
41
43
44
45
46
47
48
49
50
51
52
53
54
55
56
57
58
59
60
61
62
63
64
65
66
67
68
4423
4427
4431
4433
4433
4434
4434
4435
4436
4437
4439
4441
4442
4445
4447
5008
5009
5010
5013
5015
5249
5251
5254
5254
5255
5259
5260
5265
5301
5302
5303
5304
5305
5306
5307
5308
5309
5310
5311
5312
5568
5569
5570
5297
